3 25
25 108
4 32
5 24
6 323
7 25
8 205
9 92
10 94
26 107
27 109
28 144
11 861
12 75
13 11
14 123
29 160
15 56
16 16
17 53
18 13
19 40
20 196
21 79
22 2
23 80
24 319
33 25
34 5
36 235
35 68
37 25
38 16
39 44
40 13
41 40
42 94
43 4
44 45
45 9
46 60
47 162
48 22
49 16
50 14
51 26
52 1
53 43
55 68
56 27
57 13
58 42
59 106
60 9
62 18
63 1
64 1
65 2
66 49
71 132
72 193
73 21
75 39
76 4
78 46
79 59
77 27
80 62
81 19
82 2
83 8
91 2
67 18
84 1
85 1
86 137
87 222
88 1
89 34
90 76
92 5
94 91
95 3
99 24
96 2
100 5
101 20
98 8
31 20
102 5
103 80
115 3
116 2
104 33
105 4
106 9
68 313
117 1
118 1
119 1
107 5
108 3
109 199
110 99
111 33
120 10
112 1
121 10
122 236
113 93
123 1
124 3
114 1
125 33
126 25
127 146
128 87
129 4
132 32
133 12
134 2
135 8
136 116
137 1
138 74
139 45
140 35
141 1
142 26
143 100
145 21
146 1
149 1
150 36
152 23
153 1
154 67
155 29
156 4
157 46
74 77
158 8
159 1
160 1
93 1
161 37
162 4
166 106
165 3
171 87
172 133
173 344
174 1
176 40
177 22
178 71
179 17
180 54
181 3
182 95
185 4
194 5
211 4
187 37
188 3
32 4
189 1
196 1
54 7
190 2
197 12
195 1
198 1
199 18
191 15
200 1
212 2
201 21
202 7
203 34
204 17
205 14
206 1
207 1
208 6
209 10
192 22
210 1
213 2
215 113
217 1
218 3
221 11
222 4
223 19
224 15
225 1
226 28
147 60
240 5
227 5
151 84
228 7
242 2
243 2
244 5
245 3
246 1
249 17
247 12
230 6
231 56
232 25
233 1
234 1
235 2
236 40
237 46
241 9
248 1
238 3
239 1
169 4
253 1
254 33
255 96
256 10
258 6
260 7
259 56
263 26
264 1
265 31
163 10
266 13
267 1
268 3
269 31
257 8
270 14
276 8
277 2
278 1
274 1
275 66
280 80
282 39
283 2
284 7
261 8
285 6
273 9
287 1
288 1
289 1
291 36
294 1
168 9
292 6
293 3
295 5
296 12
297 2
290 77
298 2
303 3
304 93
306 266
307 5
308 151
320 7
309 1
310 267
311 360
321 29
312 242
313 61
314 1
315 82
316 3
305 9
317 182
318 3
319 210
329 6
302 16
330 1
323 1
324 15
326 12
331 5
327 8
251 10
328 15
333 2
335 61
336 32
325 31
337 1
338 1
339 98
340 32
341 52
342 2
343 4
344 3
345 9
346 97
350 2
351 11
355 1
130 13
352 11
353 6
357 2
193 21
362 1
364 14
365 10
366 14
369 1
367 5
368 1
301 1
363 3
371 128
372 4
374 3
375 1
376 39
386 3
381 2
388 2
382 1
387 12
383 48
384 1
393 1
395 45
397 1
398 8
399 6
400 12
401 1
403 20
404 5
405 20
406 35
407 160
408 1
409 2
410 6
411 1
413 1
414 3
416 2
417 11
418 1
423 7
424 6
425 83
426 42
429 5
430 7
432 159
434 6
436 1
437 1
438 1
412 22
439 11
440 8
441 1
433 1
443 1
447 16
444 2
451 1
448 1
449 9
446 1
450 1
453 1
454 10
455 5
456 5
457 857
458 4
460 3
461 4
462 4
463 6
465 17
469 11
467 12
468 1
164 9
472 1
473 2
476 1
482 1
479 8
480 1
481 1
486 1
488 5
489 5
490 1
495 7
492 1
493 3
494 3
497 2
498 2
499 14
501 10
502 4
504 1
507 1
513 5
512 1
511 4
509 1
516 1
524 1
519 1
520 1
525 1
521 5
522 1
523 1
445 4
527 1
528 1
531 1
530 7
529 1
532 2
534 5
536 5
539 2
540 1
541 3
542 8
543 1
544 2
175 1
545 25
546 152
356 19
551 1
547 1
548 1
549 4
550 1
552 2
553 23
554 6
555 3
556 132
557 1
558 1
559 5
561 4
560 8
562 1
563 1
565 1
564 16
568 1
569 1
570 4
571 1
572 5
573 1
574 6
575 3
579 4
576 1
577 1
578 1
580 32
583 29
582 40
567 2
584 5
585 3
587 19
588 23
591 2
595 2
593 1
596 1
594 1
597 2
598 1
599 1
586 15
600 229
602 1
415 4
605 1
592 12
606 5
608 5
610 1
349 1
612 1
589 1
614 12
615 38
618 12
620 14
621 2
625 3
624 2
626 31
630 1
629 1
632 1
633 58
590 8
634 169
616 1
646 20
635 70
636 11
647 35
637 26
638 1
640 4
641 2
642 4
648 2
643 47
644 29
645 19
649 41
651 2
655 1
652 2
653 2
654 1
650 105
658 6
661 2
662 2
663 171
665 8
666 3
639 35
669 1
672 1
674 19
676 1
678 1
683 1
682 3
604 10
686 91
688 5
689 50
690 3
691 26
692 3
693 1
695 126
348 22
697 107
699 10
702 1
701 4
703 1
704 93
705 31
706 111
707 141
708 63
709 1
710 120
696 6
711 1
712 21
713 4
716 1
717 1
718 1
719 4
720 1
721 1
715 25
722 292
723 1
724 4
726 2
727 34
728 5
729 1
730 37
731 1
732 5
733 8
737 269
738 8
734 1
735 1
742 102
744 1
745 2
749 68
684 2
751 1
754 3
752 1
753 1
755 1
758 2
759 83
677 2
763 73
764 38
766 887
762 58
601 9
767 1
760 1
768 2
769 155
770 3
771 7
772 3
773 1
774 1
736 4
673 5
775 2
776 1
786 2
788 150
790 1
780 2
781 10
782 11
783 1
784 248
789 355
785 1
792 2
791 44
794 18
795 65
796 6
797 6
799 1
800 2
801 6
803 6
725 6
804 6
664 15
805 93
807 1
808 4
810 36
811 3
812 3
813 286
814 3
815 2
816 35
819 1
820 17
821 1
334 43
818 3
823 15
824 3
826 304
825 197
827 4
830 3
832 3
831 14
802 4
835 1
836 26
837 4
838 37
841 66
840 7
842 30
843 1
845 1
847 1
848 8
851 2
854 112
844 48
855 2
856 96
852 40
853 16
859 13
860 10
861 16
862 3
863 5
865 102
867 1
869 12
870 39
871 69
872 31
873 5
874 1
876 1
877 2
879 137
880 1
883 3
886 3
887 1
888 1
889 1
890 1
891 1
892 1
216 9
882 8
899 26
896 28
898 10
900 5
902 2
903 1
905 2
659 14
907 11
908 9
909 12
910 2
911 29
912 9
913 3
914 8
923 1
915 8
916 4
917 1
918 17
895 6
919 1
926 10
920 11
921 7
924 1
787 19
927 1
928 25
931 2
933 19
935 22
937 56
940 1
941 86
943 32
944 5
946 121
947 29
948 30
949 9
950 10
951 1
952 1
954 34
956 43
957 3
959 14
960 23
761 8
961 18
965 1
962 3
938 2
963 3
964 4
967 17
968 5
969 2
970 13
971 92
973 2
974 38
885 7
975 11
976 1
980 1
979 1
978 70
982 53
984 7
985 8
981 16
986 93
988 317
987 2
990 1
992 1
993 249
994 45
996 310
427 6
998 30
1005 5
999 4
1000 61
1006 144
1001 1
1002 1
1003 20
1004 13
1008 8
1011 6
1012 7
1013 23
1016 1
1017 1
1018 6
1019 1
1009 46
1021 1
1022 15
1023 9
1024 42
1025 1
1027 6
1028 7
1029 137
1031 22
1032 42
1033 6
1034 34
1035 13
1037 92
1038 6
1040 1
1041 56
1042 43
1043 22
1044 9
1045 1
1046 28
1047 1
1048 2
1049 3
1050 46
1052 4
1051 49
1055 224
1058 1
1059 3
1060 1
1061 3
1062 158
1063 29
1064 17
1068 4
1067 2
1065 8
1066 5
1070 1
1071 1
1072 1
1074 101
1075 75
1084 5
1078 5
1079 2
1080 6
1081 1
1082 4
1083 2
1085 5
1086 8
1089 8
1090 3
1087 2
1088 1
1093 2
1094 2
1095 11
1096 1
1097 98
1098 344
1103 14
1099 9
1104 1
1100 2
1105 3
1106 2
1101 1
1107 1
1108 1
1109 1
1110 1
1111 63
1112 1
1113 6
1102 19
1115 1
1120 1
1124 20
1125 40
1126 2
1127 64
1129 67
1130 1
1132 58
1133 431
1114 46
1134 3
1135 125
1039 6
1137 162
1138 3
1139 2
1128 13
1142 58
1143 15
1144 7
1145 2
1146 1
1147 3
1148 1
904 126
1150 8
1151 504
1155 1
1157 2
1158 1
922 168
1159 2
1161 1
1160 27
1164 40
1165 15
1166 696
1167 173
1177 2
1168 5
1178 1
1179 13
1169 38
1170 2
1180 2
1171 1
1172 1
1173 2
1174 1
1175 2
1182 7
1183 10
1185 46
1176 1
1187 3
1188 2
1189 1
1192 1
1193 38
1194 1
1195 5
1197 3
1198 4
1199 2
1200 117
1201 38
1202 69
1203 23
1204 63
1205 1
1206 1
1207 29
1208 1
1209 1
1210 225
1211 106
1212 4
1213 1
1214 2
1215 66
1216 1
1219 1
1221 79
1223 1
1224 1
1225 1
1226 1
1227 1
1228 11
1229 1
1230 35
1231 1
1232 1
1233 16
1234 19
1235 20
1239 1
1236 110
1237 6
1238 1
1243 5
1241 38
1242 12
1244 2
1245 10
1246 9
1247 86
1248 23
1250 1
1253 61
1252 2
1254 1
1255 1
1256 1
1257 1
1258 1
1259 49
1260 2
1261 10
1262 2
1263 1
1264 1
1267 61
1268 1
1269 1
1271 2
1272 1
1273 1
1274 1
1275 1
1278 85
1276 1
1279 140
1280 4
1281 10
1284 20
1285 32
1290 16
1291 34
1292 8
1293 36
1294 1
1295 1
1296 10
1141 2
1297 112
1298 1
1299 5
1301 3
1302 1
1303 1
1304 1
1305 333
1306 20
1308 4
1309 1
1313 1
1310 2
1311 2
1312 1
1314 1
1315 7
1316 8
1317 1
1318 2
1319 200
1320 6
1322 13
1324 1
1327 1
1328 2
1325 1
1286 69
1329 3
1326 6
1331 6
1332 1
1333 2
667 24
1334 1
1335 64
1336 10
1337 1
1338 3
1339 5
1340 3
1341 2
1342 5
1343 2
1344 2
1345 1
1346 3
897 1
1349 2
1350 120
1351 1
1352 123
1359 4
1353 30
1360 24
1354 8
1364 1
1355 3
1361 1
1356 20
1362 4
1357 94
1358 21
1365 11
1366 1
1367 44
1368 38
1369 1
1370 2
1373 4
1374 505
1376 1
1377 35
1378 14
1379 1
1380 69
1381 57
1383 4
1384 40
1385 38
1386 73
1387 1
1388 2
1390 32
1391 1
1392 3
1393 4
1395 202
1397 1
1398 1
1399 1
1400 3
1401 3
1403 3
1404 1
1405 1
1411 1
1406 2
1407 3
30 5
1408 1
1409 1
1410 1
1416 13
1419 44
1421 2
1422 1
1423 8
1424 61
1426 1
1427 2
1428 207
1429 5
1430 2
1431 1
1433 2
1434 2
1436 1
1184 83
1394 9
1438 1
1440 1
1439 9
1441 53
1442 21
1443 3
1444 2
1445 1
1447 7
1448 2
1449 1
1450 1
1451 4
1382 18
1452 1
1454 1
1455 1
1456 1
1457 5
1458 1
1459 1
1460 1
1461 1
1462 60
1463 29
1466 24
1467 11
1469 9
1470 169
1471 78
1472 1
1473 100
1474 2
1468 21
1477 1
1480 44
1481 1
1482 26
1483 55
1488 1
1487 119
1489 65
1156 4
1492 162
1493 1
1494 1
1495 10
1496 226
1497 28
1498 7
1499 12
1500 54
1501 42
1502 2
1503 3
1504 7
1505 4
1420 13
1511 1
1510 16
1512 1
1515 1
1516 1
1517 1
1519 1
1506 45
1520 3
1521 106
1522 158
1523 1
1527 1
1525 36
1526 4
1528 1
1533 1
1534 2
1535 2
1536 1
1537 72
1539 5
1540 1
1541 1
1543 1
1545 1
1546 1
1542 274
1552 84
1553 20
1547 30
1548 4
1554 8
1549 673
1550 45
1551 1
1555 83
1558 1
1559 1
1560 3
1565 8
822 11
1566 56
1568 1
1569 4
1570 4
1572 2
1574 1
1575 1
1576 1
983 1
1578 1
1579 1
1010 6
1582 13
1583 103
1584 1
1585 117
1588 1
1589 19
1590 1
1591 1
1592 32
1594 129
1596 37
628 1
1599 3
1571 25
1601 4
1602 1
1604 8
1538 85
1605 10
1606 4
1607 2
1608 382
1609 1
1610 12
1611 1
1613 16
1614 81
1615 177
1616 1
1617 1
1530 11
1619 4
1620 1
1621 92
1622 54
1623 39
1625 2
1627 1
1626 2
1628 12
1630 2
1631 6
1632 3
1634 1
1635 1
1637 1
613 2
1639 37
1641 2
1642 1
1643 1
1644 59
1587 5
1645 2
1347 1
1646 5
1647 20
1650 1
1651 1
1653 2
1655 1
1656 1
1638 3
1658 9
1659 1
1660 1
1663 1
1664 3
1665 1
1666 1
1667 63
1668 5
1670 20
1671 1
1674 10
1675 2
1676 1
1677 2
1678 3
1661 75
1681 2
1446 3
1682 1
1683 2
1685 1
1684 10
1686 1
1688 27
1687 6
1690 2
1691 51
1524 4
1693 6
1564 30
1694 1
1695 1
1696 4
1697 70
1698 1
1699 1
1700 113
1711 9
1703 1
1704 1
1705 61
1706 4
1707 37
1708 1
1709 6
1710 1
1712 1
1713 1
1714 5
1715 1
1662 7
1716 7
1717 106
1719 11
1720 14
1721 1
1722 14
1723 1
1724 1
1725 1
1728 1
1729 19
1730 46
1731 1
1733 45
1734 57
1735 1
1736 1
1737 9
1740 1
1738 3
1739 1
1741 11
1742 6
1743 1
1744 8
1745 1
1748 85
1749 80
1732 18
1759 6
1753 1
1754 27
1755 1
1756 91
1757 21
1760 1
1761 2
1762 52
1763 1
1764 2
1765 4
1766 29
1767 101
1769 73
1770 1
1772 159
1196 10
1773 1
1190 4
1776 1
1775 1
1778 9
1781 7
1782 2
1751 37
1783 58
1784 1
1785 1
1689 2
1758 2
1746 7
1789 11
1790 2
1375 4
1792 33
1795 45
1465 9
679 3
1796 39
1797 1
1799 57
1800 20
1803 21
1804 1
1805 2
1806 1
1807 8
1808 137
1809 2
1810 2
1812 4
1813 49
1814 113
1816 12
1820 104
1821 9
1822 11
1692 3
1823 52
1824 1
1825 1
1826 1
1827 2
347 9
1835 81
1836 18
1828 2
1837 30
1829 3
1838 61
1830 3
1831 5
1832 6
1833 6
1834 1
1839 1
1840 2
1841 1
1844 1
1845 1
1846 1
1847 55
1852 1
1848 19
1853 1
1855 12
1856 1
1857 8
1858 1
1860 1
1862 2
1865 6
1866 1
1867 2
1868 22
1869 4
1870 1
1874 9
1875 37
1871 2
1872 5
1876 3
1873 1
1879 14
1881 1
1882 1
1883 1
1885 47
1886 4
1887 2
1890 3
1888 39
1889 1
1891 41
1892 5
1894 1
1895 1
1896 57
1897 1
1898 1
1899 8
1900 1
1902 1
1905 1
1906 1
1907 1
1909 1
1911 1
1912 3
1913 1
1914 2
1915 35
1916 1
1917 1
1918 22
1919 116
1921 1
1922 236
1923 2
1924 5
1925 23
1928 8
1926 1
1927 2
1929 1
1930 1
1931 15
1937 13
1932 1
1933 1
1938 1
1934 1
1935 7
1939 1
1940 5
1941 1
1943 4
1944 3
1945 2
1946 4
1947 15
1948 14
1951 30
1908 9
1958 1
1959 1
1960 1
1961 5
1962 35
1964 14
1965 9
1967 32
1968 2
1972 184
1811 53
1975 1
1976 6
1977 34
1978 1
1952 3
1980 48
1981 2
1982 34
1985 61
1986 17
1988 1
1989 1
1990 39
1991 66
1992 19
1993 3
1994 1
1122 1
1995 3
1996 1
1997 90
1794 28
2000 1
2001 40
2002 1
2005 1
2008 1
2009 76
2040 1
2010 28
2011 3
2012 3
2013 1
2042 3
2014 12
2015 1
2016 13
2017 1
2018 2
2019 1
2020 1
2046 1
2021 1
2044 2
2023 1
2047 2
2024 1
2041 7
2048 1
2025 1
2026 1
2027 1
2045 1
2029 2
2030 1
2031 1
2032 1
2033 23
2034 1
2035 1
932 1
2036 3
2037 8
698 11
2038 6
2049 3
1432 1
2050 5
2051 1
2052 14
2053 1
2054 3
2056 1
2057 1
2058 1
2059 4
2061 4
2062 138
1966 18
2063 22
2064 4
2065 54
2068 4
2071 9
2069 22
2070 1
2072 131
2077 1
2081 1
2082 1
2084 11
2094 2
2085 28
2086 1
2087 1
2088 7
2089 1
2090 1
2091 8
2092 7
2093 57
2096 2
2100 1
2099 22
2102 49
2104 2
2103 2
2105 13
2108 4
2110 3
2111 4
2114 41
2115 17
2116 23
2117 24
2118 115
2120 155
2125 3
2097 7
2126 1
2127 3
2128 4
2129 44
2130 8
2131 1
2132 1
2133 140
2134 14
2135 162
2136 1
2138 1
2139 3
2141 2
2142 2
2143 1
2144 27
2145 168
2146 1
2147 1
2148 1
2149 2
2150 1
2152 4
2156 44
2155 1
2159 19
2160 26
2161 3
2163 2
2164 1
2167 1
2169 34
2170 2
2171 16
2172 30
2173 1
2175 1
2176 18
2177 3
2179 1
2180 1
2182 1
2183 1
2095 6
2184 3
2112 1
2121 1
2186 62
2187 1
2188 3
2189 1
2190 1
2191 1
2192 6
2193 13
2194 3
2196 3
2197 4
2198 3
2199 1
2200 2
2201 1
2203 1
2204 1
2207 1
2209 35
2210 18
2212 1
2213 1
2214 3
2215 16
2216 1
2217 13
2218 1
2219 1
2174 77
2221 1
2222 1
2223 16
2224 3
2225 39
2226 28
2227 4
2228 1
2230 54
2231 69
2229 146
2232 20
2233 47
2206 20
2235 1
2236 83
2237 258
2238 1
2239 1
2240 121
2242 3
2243 1
2246 9
2249 39
2250 3
2251 26
2252 22
2254 6
2255 31
2256 269
2257 50
2258 99
2259 1
2260 1
2261 1
2262 1
2153 4
2264 61
2241 14
2266 1
2267 1
2268 1
2269 2
2270 1
2272 39
2274 51
2276 38
2277 9
2278 4
2280 1
2282 5
2283 1
2286 6
2285 19
2287 4
1701 128
2288 1
2289 14
2291 1
2292 1
2265 1
2293 2
2294 9
2295 2
2296 2
2297 184
2298 58
2299 71
2300 1
2301 1
2302 1
2304 1
2306 5
2308 1
2310 1
2311 1
2312 1
2313 1
2314 4
2315 1
2178 3
2309 3
2316 5
2317 2
2318 3
2319 4
2320 3
2321 4
1603 20
2323 122
2324 3
2326 289
2328 223
2330 2
1561 1
2331 3
2332 36
2338 7
2334 1
2335 1
2336 1
2337 1
2340 4
2342 6
2343 7
2344 1
2322 23
2109 51
2349 2
2351 1
2352 2
2354 2
2353 1
2357 12
2359 3
2360 3
2361 1
2363 4
2364 19
2365 85
2366 7
2367 8
2368 18
2369 214
2370 2
2371 141
2372 7
2374 1
2375 51
2376 28
1507 2
2378 4
2381 90
2379 48
2380 1
2382 2
2384 80
2387 81
2281 2
2388 1
2389 1
2390 2
2392 1
2391 1
2394 1
2395 1
2396 1
2393 4
2398 67
2399 2
2401 1
2402 2
2403 2
2404 1
2405 1
2406 2
2407 4
2410 35
2411 172
2412 3
2413 2
2414 6
2416 37
2417 7
2418 1
2113 8
2419 1
2424 1
2428 1
2429 2
2427 14
2433 2
2434 2
2437 3
2467 11
2373 3
2464 2
2438 2
2462 4
2463 1
2439 2
2440 53
2441 1
2442 1
2443 1
2444 7
2445 1
2446 1
2447 1
2448 1
2449 2
2450 1
2451 3
2452 44
2453 1
2454 1
2455 2
2456 33
2465 1
2457 2
2466 1
2458 7
2459 1
2469 4
2460 1
2461 1
2181 3
2471 1
2474 188
2472 76
2473 106
2476 36
2477 1
1747 3
2478 7
2480 9
2481 8
2482 3
2485 346
2435 39
2487 1
2488 21
2489 1
2491 1
2492 1
2493 7
2494 1
2495 1
2496 2
1636 1
2497 49
2498 2
2500 3
2502 33
2503 2
2504 103
2505 1
2506 48
2507 78
2508 14
2509 11
2510 75
2511 9
2512 1
2514 1
2513 1
2515 1
2516 45
2518 4
2519 1
2355 1
2520 1
2530 1
2531 2
2521 1
2522 1
2523 5
2534 1
2526 1
2527 2
2528 1
2535 52
2536 1
2537 1
2538 1
2529 1
2540 1
1181 1
2541 39
2542 96
2543 1
2545 7
2546 35
2547 141
2548 12
2549 76
2550 27
2552 6
2551 2
2555 12
2556 1
2566 34
2557 78
2567 5
2558 3
2559 84
2560 219
2561 2
2562 2
2563 2
2564 52
2565 1033
2568 5
2569 5
2572 7
2573 1
2574 2
2576 154
2577 2
2578 13
2581 1
2582 1
2583 3
2584 1
2585 66
2586 2
2592 13
2517 5
2593 33
2594 53
2595 56
2596 17
2597 3
2598 7
2599 10
2603 1
2605 68
2606 1
2607 1
2587 12
2608 14
2609 7
2610 1
2611 8
2612 38
2613 27
2614 5
2615 3
2616 1
2617 23
2618 58
2624 3
2623 119
2619 48
2620 26
2627 1
2570 1
2626 3
2630 2
2631 2
2632 1
2633 1
1863 1
2634 1
2635 1
2636 1
2637 1
2639 1
2640 1
2638 1
2641 1
2642 1
2644 1
2628 1
2646 50
2647 18
2648 1
2649 1
2651 288
2653 122
2660 193
2290 133
2655 53
2656 1
2657 48
2658 337
2659 15
2661 1
2662 2
2663 2
2664 1
2667 145
2668 1
2671 1
2672 13
2673 1
2674 119
2675 1
2676 7
2677 43
2680 6
2682 1
2683 13
2684 1
2699 89
2700 216
2701 19
2686 172
2687 13
2702 99
2703 61
2688 709
2704 80
2707 117
2689 45
2690 27
2691 48
2692 19
2693 153
2705 1
2706 19
2694 19
2695 8
2696 67
2697 50
2698 16
2168 3
2709 1
2711 13
2715 2
2716 1
2717 1
1282 8
2718 1
2719 21
2721 2
2722 1
2723 1
2724 11
2726 1
2725 1
2727 38
2728 3
2730 2
2731 1
2733 3
2729 1
2734 1
2736 1
2737 16
2738 4
2739 1
2740 28
2741 1
2744 40
2747 86
2746 27
2748 1
2749 1
2752 7
2753 1
2755 1
2757 5
2758 4
2759 1
2760 23
2761 1
2762 4
2764 1
2765 31
2766 1
2767 1
2768 46
1154 2
2771 1
2769 1
2772 1
2773 1
2774 47
2775 36
2776 1
2778 23
2779 1
2780 3
2782 1
2783 2
2784 1
2786 1
2787 5
2665 6
2788 4
2789 3
2790 189
2791 18
2792 18
2793 6
2796 8
1955 1
2802 9
2803 1
2804 16
2807 5
2808 2
2813 1
2544 11
2815 13
2817 2
2818 1
2819 19
2822 45
2823 1
2654 112
2824 1
2826 1
2119 5
2827 1
2830 8
2831 39
2832 50
2833 7
1581 1
2835 1
2838 21
2839 5
2840 15
2083 3
2842 145
2845 3
2846 1
2847 1
2848 1
2849 1
2850 1
2851 46
2852 2
2853 1
2855 18
2856 6
2857 1
2858 3
2859 181
2860 5
2866 8
2867 3
2861 1
2868 1
2869 1
2862 4
2863 5
2870 1
2871 304
2864 1
2865 4
2872 97
2875 7
2876 1
2879 1
2881 1
2882 1
2883 28
2884 1
2844 2
2885 5
2896 1
2886 3
2887 1
2888 1
2889 14
2890 1
2891 1
2892 1
2893 1
2894 1
2895 1
2501 1
2898 2
2901 4
2899 1
2900 29
2905 5
2903 9
2904 18
2906 6
2907 7
2908 12
2909 61
2912 36
2914 7
2913 12
2916 1
2917 2
2918 3
2919 2
2921 2
2923 39
2924 2
2925 19
2928 2
2929 1
2930 1
2932 69
2931 2
2933 7
2935 42
2936 11
2942 1
1612 71
2939 7
2938 1
2940 129
2941 13
1849 1
2944 1
2945 1
2947 10
2948 28
2949 1
2950 13
2951 23
2952 1
2953 10
2954 1
2957 1
2958 54
2960 2
2961 1
2962 1
2964 72
2965 2
2967 253
2968 57
2971 1
2969 3
2970 1
2974 15
2978 6
2980 1
2982 1
2983 29
2985 4
2986 3
2987 9
2988 57
2989 10
2991 7
2992 1
2994 3
2995 10
2998 3
2999 7
3007 18
3000 46
3001 8
3002 5
3008 1
3003 1
3009 56
3004 3
3005 30
3006 32
3010 132
3011 1
3012 1
3013 1
3015 47
3016 2
3017 3
3018 19
3019 1
3020 54
3021 7
3022 1
3024 52
3025 4
3026 204
3027 43
3028 206
3031 52
3032 251
3033 47
3034 41
3035 13
2713 223
3036 8
3037 9
3038 1
3039 14
3040 7
3041 14
3042 1
3043 1
3044 6
3047 13
3048 1
3049 6
3046 10
3051 1
3052 1
3053 9
3054 1
3055 58
3057 50
3059 35
3060 4
2356 59
3056 53
3061 2
3062 44
2976 7
3066 1
2993 1
3070 2
3071 1
3072 25
3073 36
3074 1
3075 2
3076 1
3077 4
3078 1
3063 3
3081 22
3083 2
3084 86
3085 1
3086 9
3087 8
3088 37
3089 5
3090 12
3091 1
3092 91
3093 1
3094 5
3097 1
3098 39
3095 39
3096 3
3101 2
3102 1
3103 5
3106 5
3107 10
3108 9
3109 12
3110 22
3111 1
3112 1
3113 1
2003 76
3114 1
2834 5
3115 6
3118 2
3119 3
3120 8
3123 3
3124 2
3125 17
3126 1
3127 15
3128 1
3129 2
3131 1
3132 3
3135 1
3133 1
3134 1
3137 5
2234 16
3143 1
3142 54
3144 90
3146 1
3147 6
3148 30
3149 1
3151 1
3152 1
3153 1
3154 1
3156 1
3145 21
668 2
3158 1
3159 9
3160 2
3162 3
3163 1
3165 1
3166 1
3167 1
3169 1
3168 89
3172 13
3173 7
3174 1
3175 45
3176 6
3180 25
3181 3
3190 11
3182 1
3150 11
3183 2
3184 1
3185 3
3186 1
3187 2
3188 23
3189 10
3191 78
3192 60
3194 1
3196 25
3197 4
3198 1
3199 13
3200 8
3140 2
3202 9
3203 1
3204 1
3206 1
3207 1
3208 7
3209 44
3212 1
3213 1
3215 1
3214 1
3216 2
3210 6
3217 2
3219 1
3220 1
3221 1
1509 1
3211 2
3218 1
3222 1
3223 1
3224 1
3225 13
3226 1
3227 20
3228 1
3229 1
3230 1
3231 1
3232 1
3234 1
3233 4
3238 32
3239 3
3240 1
3241 1
3242 6
3244 1
3246 2
3247 2
3248 1
3249 3
3250 3
3252 40
3257 1
3263 1
3264 1
3259 2
3260 9
3261 1
3262 9
3267 1
3268 2
3269 4
3270 2
3271 3
3255 5
3272 2
3280 3
3281 1
1777 1
3273 1
3274 79
3275 14
3276 84
3277 1
3282 6
3278 2
3279 2
3258 103
3284 22
3256 24
3288 1
3290 46
3291 63
3292 10
3294 1
3296 2
3297 59
3298 1
3306 15
3299 1
3300 5
3301 19
3302 1
3303 1
3285 1
1529 2
3304 32
3305 6
3309 4
3310 20
3311 1
3312 1
3313 6
3314 1
3315 13
2708 9
3318 1
3316 3
3317 16
3321 18
3322 1
3323 3
3325 6
3326 18
3335 1
3331 1
3332 1
3333 16
3334 13
3339 1
3340 6
3341 1
3342 1
3343 13
3344 1
3345 39
3346 5
3348 31
3349 9
3350 55
3352 287
3353 1
3354 5
3355 3
3360 1
3356 1
3357 2
3358 1
3359 1
3361 2
3362 1
3368 1
3369 1
3370 1
3366 67
3367 3
3373 12
3374 4
3375 44
3377 4
3378 42
3379 23
3380 47
3381 184
3382 1
3383 2
3384 3
3385 1
3388 15
3389 2
3338 3
3391 4
3392 34
3393 10
3394 165
3395 1
3396 2
3397 3
3398 1
3399 3
3400 1
3401 2
3403 3
3402 138
3404 92
3405 1
3390 66
3407 1
3406 4
3411 1
3412 1
3427 2
3235 2
3422 3
3423 2
3416 1
3424 2
3425 3
3418 1
3417 34
3426 2
3434 1
3433 9
3436 1
3437 1
3440 1
3441 2
3443 24
3438 1
3444 2
3445 24
3439 103
3447 319
3448 3
3449 400
3450 28
3451 128
3452 148
3453 368
3454 164
3455 80
3456 261
3457 175
3458 85
3459 104
3460 25
3461 122
3462 58
3463 67
3466 18
3467 1
3468 3
3469 25
3470 21
3472 16
3471 2
3475 1
3479 138
3480 21
3481 19
3482 28
3483 23
3477 56
3478 42
3487 1
3488 16
3492 4
3493 1
3490 2
3494 1
3495 4
3496 10
3491 2
2524 8
3497 1
3498 126
3499 3
3500 1
3504 1
3509 1
3510 1
3515 3
3511 1
3512 9
3513 4
3514 1
3518 6
3519 49
3520 1
3521 29
3528 17
3522 79
3523 28
3524 1
3525 18
3526 7
3527 64
3386 13
3530 4
3531 1
3532 5
3535 5
3536 6
3539 2
3540 4
3541 86
3542 5
3543 3
3546 1
3508 13
3544 7
3545 2
3550 1
3551 1
3552 1
3553 8
3554 9
3555 14
3557 14
3558 1
3560 16
3561 4
3562 43
3563 3
3564 2
3565 1
3566 1
3567 20
3568 161
3569 43
3571 46
1984 7
3576 5
3577 1
3579 2
3578 2
3588 1
3581 1
3582 1
3583 4
3584 1
3585 2
3586 167
3589 5
3590 1
3593 31
3594 2
3598 4
3595 2
3599 1
3600 14
3601 56
3596 1
3597 13
3604 3
3587 15
3602 1
3603 12
3605 1
3606 1
3607 29
3610 5
3611 22
3613 1
2307 7
3614 216
3615 158
3618 1
3619 1
3620 1
3621 1
3622 22
2972 477
3624 67
3625 4
3628 1
3630 36
3631 106
3632 1
3633 51
3634 102
3635 69
3636 11
3637 4
3638 1
3639 12
3640 1
3641 243
3642 403
3643 47
3645 43
3649 1
3646 9
3647 13
3629 4
3651 1
3652 1
3653 3
3654 1
3655 10
3656 4
3657 1
3658 39
3659 47
3660 94
3661 42
3662 11
3663 1
3664 1
3665 23
3666 168
3667 6
3668 1
3673 5
3674 2
3675 1
3676 1
3677 2
3556 16
2799 9
3678 17
3682 76
3683 7
3684 1
3685 2
3686 3
3692 8
3687 1
3688 4
3681 1
3689 2
3690 1
3691 114
3693 1
3694 1
3695 1
3696 1
3697 1
3698 1
3700 2
3702 1
3703 1
3704 1
3705 3
3706 1
3707 1
3435 4
3709 7
2067 3
3711 1
3712 1
3714 15
3715 1
3717 1
3718 1
3719 14
3723 7
3724 105
3722 2
3733 1
3725 4
3726 3
3727 1
3728 106
3729 12
3735 3
3730 2
3731 15
3742 3
3743 11
3744 2
3746 1
3747 4
3748 31
3749 4
3750 2
3751 11
3752 15
3753 1
3754 6
3679 2
3757 1
3720 11
3758 1
3759 1
3760 1
3761 2
3762 8
3763 3
3171 1
3764 14
3765 1
3766 9
3767 17
3770 22
3771 3
3774 1
391 1
3775 13
3777 12
3779 2
3780 3
3781 1
3782 3
3784 1
3783 1
3787 252
3788 3
3786 118
2975 2
3791 1
3792 31
3796 164
3795 1
3794 49
3798 24
3799 6
3800 4
3801 1
3802 9
3805 1
3806 55
3810 1
3812 66
3813 104
3814 63
3815 20
2880 2
3817 1
3823 2
3824 1
3827 2
3829 1
3830 22
3821 2
3832 1
3833 3
3834 1
3835 43
3836 1
3838 1
3837 1
3841 1
3839 5
3840 1
3842 19
1901 1
3843 21
3844 1
3845 10
3848 1
3850 2
3785 18
3851 2
3854 84
3855 7
3858 1
3862 2
3863 5
3864 1
3865 2
3869 5
3870 2
3648 11
3872 15
3873 4
3876 3
3878 1
3877 16
2475 2
3881 2
3882 1
3883 1
3884 1
3885 2
3886 1
3888 1
3889 2
3890 3
3891 1
3894 1
3895 1
3898 3
3897 9
3896 1
3900 3
3901 1
3902 46
3904 1
3905 2
3906 1
3907 1
3909 1
3910 41
3911 2
3912 17
3916 45
3917 30
3918 4
3919 19
3920 6
3923 1
3924 5
3925 7
3927 1
3928 2
3929 2
3930 5
3931 1
3932 4
3935 1
3936 1
3941 1
3943 1
3944 1
3947 3
3320 5
3945 2
3948 31
3949 30
3952 1
3953 1
3954 2
3955 3
3956 97
3958 16
3959 2
3960 23
3961 16
3962 4
3964 1
3965 92
3963 1
3966 1
3957 1
3968 1
3969 103
3976 182
3977 14
3978 2
3979 3
3981 1
3987 1
3982 20
3989 2
3983 4
3984 2
3990 1
3985 37
3986 1
3971 7
3991 7
3992 2
3997 1
3998 2
3999 2
4000 4
4001 29
4005 1
4006 2
4007 15
4008 8
4009 3
4010 1
3980 2
4013 22
4016 2
4015 2
4019 2
3804 5
4020 10
4023 3
4025 1
4026 2
4027 6
4028 1
3465 3
2325 2
4034 4
3973 34
4035 1
4036 158
4037 15
4038 1
4040 107
4039 10
4041 72
4042 21
2981 45
4044 100
4045 271
4046 99
4048 1
675 1
4050 1
3871 5
4053 2
4054 2
4055 3
4056 23
4057 1
4059 4
4061 1
4062 4
4063 28
4077 80
4078 3
4064 1
4065 151
4066 5
4067 1
4068 6
4069 1
4079 4
4070 114
4071 19
4072 31
4073 126
4074 37
2811 21
4075 1
4080 1
3591 13
4083 1
4082 16
4085 1
4089 3
4090 1
4091 1
4092 1
4095 2
4096 2
4097 2
4098 8
4100 1
4099 167
4108 1
4104 3
4105 1
2770 1
4109 1
657 1
4106 1
4107 1
4116 14
4119 7
4120 3
4121 2
4076 96
4122 1
4123 25
4124 57
4125 2
4126 2
4127 45
4128 9
4129 2
4130 2
4131 1
4132 1
4133 2
4134 2
4135 2
4136 28
4137 11
4138 65
4139 1
4140 12
4141 5
4142 39
4143 1
4144 86
4145 2
4146 1
4147 2
4148 6
4149 2
4150 18
4151 94
4152 53
4153 1
4154 1
4159 2
4163 2
4164 3
4165 1
4166 1
4155 6
4167 1
4168 1
4169 9
4170 1
4111 17
4174 1
4175 8
4176 1
4177 1
4178 3
4180 1
3819 10
4184 1
4185 1
4186 7
4187 9
4190 2
4194 2
4191 21
4192 8
4195 1
4189 12
4197 8
4198 1
4199 10
4200 5
4207 1
4208 2
4202 1
4203 1
4204 2
3995 60
4209 1
4205 5
4210 1
4162 17
4206 1
2645 7
798 20
4211 71
4212 61
4215 2
4213 3
4214 9
4201 2
4217 1
4219 122
4220 3
4222 43
4226 1
4223 8
4224 20
4221 44
4225 1
4228 3
4231 1
4232 3
4234 3
4093 1
4236 1
4238 1
4240 2
4243 1
4244 1
4241 1
4242 1
4245 2
4246 1
4248 1
4249 1
4250 2
4251 1
4252 5
4229 4
4255 9
4257 2
4259 1
4260 1
4261 26
4266 11
4267 1
4275 6
4273 23
4276 57
4277 1
4274 1
4278 1
4279 1
4280 1
4282 6
4283 1
4284 1
4285 2
4291 5
4292 4
4295 18
4296 1
4297 42
4298 10
4290 3
4304 1
4305 1
4308 8
4306 1
4307 3
1680 5
4312 5
4313 5
4314 4
4315 30
4316 8
4317 3
4322 2
4318 4
4319 4
4320 2
4321 1
4324 8
4325 3
4326 8
4327 3
4328 1
4329 12
4338 43
4333 3
4334 1
4335 34
4336 1
4339 1
4337 1
4345 2
4346 1
4340 1
4342 11
4341 1
4343 8
4347 59
4344 3
4348 1
4351 4
4352 1
4353 86
4354 6
4355 52
4357 1
4358 1
4360 1
4361 6
4364 39
4362 1
4363 25
4366 2
2028 1
4368 1
4369 2
4371 6
4370 1
4372 1
4375 3
4377 11
4378 1
4383 4
4379 5
4380 1
4381 2
4382 1
4391 1
4393 1
4394 1
4399 1
4395 3
4400 6
4396 1
4397 1
4398 9
4404 1
4408 2
4405 1
4414 1
4412 2
4415 17
4416 11
4422 16
4423 1
4425 2
4426 5
4427 1
4428 12
4429 13
4430 7
4431 4
4432 8
4433 26
4434 2
4435 3
4436 2
4437 84
4438 6
4439 1
4440 6
4441 205
4442 18
4443 7
4444 1
4445 1
4446 2
4447 14
4448 41
4449 1
4451 10
4452 1
4450 1
4454 1
4455 22
4456 5
4457 1
4458 2
4459 4
4460 2
4461 3
4462 1
4464 1
4465 7
4467 1
4468 20
4469 1
4470 1
4473 1
4474 2
4477 2
4476 19
4478 1
4475 1
4479 1
4482 7
4483 181
4493 1
4486 23
4494 1
4495 1
1979 2
4488 55
4489 15
4490 1
4496 3
4498 2
4499 1
4491 1
4497 1
4504 2
4502 2
4503 1
4507 2
4492 3
4508 1
4509 11
4051 1
4511 17
4516 1
4517 1
4500 2
4523 1
4524 10
4526 5
4527 17
4530 9
4531 17
4533 3
4534 20
4535 5
4536 83
4538 1
4540 1
4542 10
4543 2
4545 1
4547 50
4553 3
4554 1
4555 1
4556 1
4560 3
4563 12
4564 35
4565 2
4566 3
4567 2
4485 12
4568 1
4569 1
4216 1
4574 44
4575 2
4576 10
4577 2
4581 3
4582 6
4586 10
4587 28
4588 12
4592 6
4593 1
4594 1
4595 3
4596 1
4597 1
4598 77
4599 1
4600 15
4602 2
4601 1
4603 1
4604 7
4608 1
4607 1
4609 2
2841 1
4611 1
4612 1
4615 1
4616 7
4617 1
4618 4
4619 1
4622 2
4623 2
4624 2
4625 4
1859 4
4629 1
4626 5
4627 1
4630 4
4487 32
4632 249
4633 13
4636 1
4638 1
4639 1
4640 2
4641 1
4644 1
4645 1
4649 1
4651 2
4652 8
4653 127
4654 2
4655 2
4635 1
4659 3
4660 1
4661 22
4662 52
4663 10
4664 6
4647 14
4665 9
4672 2
4667 1
4673 103
4668 1
4669 19
4675 2
4670 1
4671 8
4674 3
4681 20
4683 1
4682 14
4686 68
4269 3
3922 8
4687 26
4688 68
4689 1
4693 2
4692 1
4694 1
4695 1
4696 1
4697 1
4698 1
4699 1
4700 1
4701 1
4702 1
4703 1
4704 1
4705 3
4706 3
4707 1
4708 1
4709 25
4710 8
4711 1
4714 3
4715 11
4716 1
2621 8
4717 66
4718 54
4721 2
4720 1
4712 139
4724 1
4723 1
4725 38
4726 20
4727 1
4733 4
4736 1
4742 2
4737 3
4738 1
4739 11
4743 2
4745 2
4748 47
4740 1
4744 2
4746 18
4741 3
4749 3
3803 11
4750 3
4751 5
4754 1
4752 1
4753 1
4755 1
4756 37
4757 6
4759 1
4760 7
4761 1
4762 1
4763 1
4764 54
4765 4
4771 3
4766 1
4773 1
4775 1
4774 14
4758 2
4777 2
4779 1
4778 1
4781 28
4782 2
4785 1
4786 3
4787 1
4788 21
4789 2
4790 1
4791 1
4792 76
4793 2
4794 1
4795 85
4798 5
4799 2
4801 2
4800 1
4803 1
4804 1
4805 2
4806 1
4807 1
4810 1
4813 55
4816 1
4814 20
4817 1
4818 28
4819 1
4821 2
4822 1
4823 1
4824 112
4825 2
4826 1
4829 91
4830 1
4832 7
4857 1
4833 7
4834 1
4835 1
4836 1
4837 2
4838 2
4839 1
4840 4
4858 1
4841 1
4842 2
4843 25
4844 2
4864 5
4859 30
4860 2
4845 1
4846 36
4847 1
4848 1
4849 2
4850 3
4861 1
4862 4
4851 3
4852 3
4863 1
4853 6
4854 2
4855 2
4856 3
4866 2
4867 1
4868 1
4873 1
4871 1
4869 1
4874 3
4870 2
4872 1
4881 4
4882 5
4883 5
4884 4
4885 4
4879 29
4889 3
4890 1
4891 9
4893 5
4894 85
4898 14
4899 189
4900 1
4901 2
4903 2
4904 3
4905 2
4923 4
4550 107
4906 3
4927 2
4908 1
4924 14
4909 3
4910 2
4911 2
4912 2
4913 1
4914 2
4915 6
4916 1
4917 1
4918 1
4925 3
4919 2
4920 2
4926 8
4921 1
4922 2
4931 1
4932 2
4933 3
4934 7
4935 1
4936 2
4937 17
4943 33
4945 1
4944 4
4947 11
4948 239
4950 1
4951 1
4952 3
4957 1
4960 9
4963 15
4964 64
4965 1
4966 25
4967 443
4938 13
4969 1
4970 8
4971 1
4972 2
4973 9
4974 45
4975 2
4976 24
2346 4
4978 1
4979 1
4980 16
4981 57
4982 47
4977 3
4983 4
4985 1
4986 1
4024 2
4988 26
4989 7
4992 5
4997 1
4994 24
4995 1
4996 1
5000 1
5001 1
5002 130
5003 2
5005 1
4897 1
5006 36
5008 34
5009 15
5010 4
5011 10
5012 15
5013 9
5016 10
5017 9
5018 1
5019 1
5021 1
5020 177
5024 4
5028 47
5029 30
5031 1
5032 2
5035 1
5036 4
5037 19
5038 5
5039 7
5040 3
5045 1
5046 2
5050 12
4993 4
5047 1
5048 6
5051 9
5052 1
4110 4
5053 55
5054 2
5057 1
5059 27
5060 3
5061 13
5062 1
5063 1
5064 1
5065 1
5069 6
5067 2
5068 11
5070 15
5071 1
5072 3
5077 1
5078 3
5079 304
5080 3
4233 2
5081 5
5043 3
5084 1
4929 11
5085 4
5086 1
5087 1
5088 1
5089 10
5090 3
5091 1
5095 3
5096 14
5097 1
5099 15
5098 2
5102 58
5103 137
5104 3
5107 1
5105 1
5109 1
5111 8
5110 85
5112 1
5114 4
4827 2
5116 2
5117 2
5118 14
5119 18
5121 9
5122 1
5123 71
5127 1
5128 1
5129 1
5124 1
5125 57
5126 3
5131 1
5135 1
5136 1
5138 1
5143 20
5139 11
5140 51
5141 1
5142 4
5150 14
5151 3
5152 4
5153 5
5154 3
5155 29
5158 1
5159 1
5160 13
5161 1
5167 1
5163 1
5164 2
5166 49
5171 45
5172 31
4828 187
5173 133
5174 6
5175 35
5176 144
5177 108
5178 24
4310 308
5179 254
5180 51
5181 47
5182 14
5183 1
5184 89
5185 164
5186 2
5187 32
5188 218
5189 350
5190 103
5191 11
5192 1
5194 12
5195 4
5196 33
5197 3
5198 7
5199 25
5200 19
5201 16
5202 2
5203 16
5106 39
4471 3
5207 15
5209 1
5213 1
5214 1
5216 1
5217 22
5218 1
5219 1
5220 1
5221 1
5224 1
5226 17
5227 1
5228 2
5225 1
5229 1
5230 1
5233 25
5232 2
5238 3
5242 1
5244 1
5241 2
5243 19
5246 55
5250 14
5247 2
5248 2
5249 1
5252 1
5251 1
5253 1
5254 37
5255 8
5261 2
5262 64
5263 76
4407 1
5265 1
5239 3
5273 13
5275 2
5276 9
5277 1
5278 1
5280 2
5281 2
5282 4
5283 2
5287 1
5284 2
5285 22
5286 11
5289 6
5290 1
5291 1
5294 1
5295 24
5296 16
5299 1
5300 1
5303 1
5313 12
5314 1
5315 1
5316 24
5317 19
5320 12
5321 35
5322 1
5324 17
5264 12
5328 1
5329 2
5330 2
5333 3
5332 6
5334 10
5336 3
5340 1
5339 11
5337 1
5342 30
5343 2
5344 3
5345 1
5346 1
5347 2
5348 1
5352 3
5267 2
5353 1
5354 1
5355 1
4591 2
5356 1
5357 1
5358 1
5360 16
5361 6
5365 1
5366 2
5367 1
5370 1
5371 1
5372 1
5373 1
5374 1
5376 1
5377 1
5378 17
5380 2
5381 4
5382 19
5384 2
5385 1
5386 3
5387 1
5390 2
5391 43
5395 1
5404 44
5397 1
5398 2
5405 4
5399 8
5400 4
5401 3
5406 1
5413 1
5416 1
5415 1
5425 1
5418 1
5424 2
5419 9
5421 5
2785 1
5422 1
5427 38
5428 3
5429 1
5431 1
5432 4
5435 2
5436 1
5437 26
5438 1
5439 68
5440 2
3029 2
5445 63
5446 27
5447 2
5448 3
5452 18
5454 19
5456 2
5455 8
5460 1
5461 1
5462 28
5466 2
5457 53
5468 13
5472 17
5473 1
5474 8
5475 2
5476 1
5477 1
5478 11
5480 3
5479 38
5482 12
5483 1
5484 25
5162 5
5485 25
5486 1
5487 31
5488 1
5489 12
5490 1
5491 1
5494 1
5495 4
5496 1
5497 1
5499 3
5501 3
5500 1
5504 2
5505 1
4666 25
5507 1
5508 1
5510 1
5512 2
5515 7
5516 2
5517 1
5518 2
5519 1
5520 2
5521 3
5522 1
5523 3
5524 417
5525 1
5526 8
5527 2
5530 1
5531 283
5528 6
5532 26
5534 18
5535 1
5536 3
5537 1
5193 19
5540 3
5541 1
4796 4
5542 1
5543 143
5544 4
4631 1
5548 1
5549 12
5550 12
5551 9
5554 1
5552 8
5553 51
5555 1
5558 4
5561 2
5563 3
5562 13
5565 3
5566 1
5312 9
5567 1
5571 1
5572 1
5573 1
5577 8
5576 1
5578 1
5579 2
5580 2
5581 2
5582 105
5583 2
5584 12
5587 1
5589 12
5591 27
5594 1
5596 38
5595 1
5598 1
5599 1
5600 8
5601 2
5602 1
5603 3
5604 7
5605 11
5606 31
5607 1
5608 16
5612 69
5609 1
5610 2
5611 1
5613 1
5614 8
5615 4
5616 16
5617 24
5622 2
5396 13
5627 3
5624 31
5625 1
5626 4
5628 1
5629 1
5633 1
5636 2
5639 4
5630 37
5644 22
5645 1
5301 68
5646 2
5647 9
5648 1
5649 2
5652 1
5653 1
5623 2
5655 167
5656 5
5657 2
5658 11
5659 1
5660 2
5661 3
5662 4
5668 4
5666 7
4767 16
5667 5
5669 1
5670 2
5511 3
5671 3
5674 1
5675 8
5620 8
5676 1
5678 1
5680 4
5682 1
5684 19
5686 3
5685 1
5687 1
5688 1
5689 1
5690 1
5691 49
5692 25
5694 1
5695 1
5698 1
5696 51
5697 245
5701 1
5702 11
5703 1
5704 4
5708 7
5707 4
5709 12
5710 1
5711 1
5712 1
5713 1
5714 44
5717 1
5718 1
5720 3
5722 3
5569 2
5729 1
5730 1
5731 2
5733 2
5735 1
5736 1
5738 16
5739 49
4557 18
5741 14
4418 1
5744 1
5746 1
5750 4
5747 2
5748 1
5749 2
5751 1
5752 1
5753 4
5755 1
5761 9
5763 4
5764 1
5765 1
5766 1
5768 13
5769 4
5770 6
5771 10
5772 15
5773 79
5774 1
5776 14
5781 1
4263 1
5783 23
5785 2
5651 2
5786 1
5787 32
5788 6
5789 2
5794 1
5796 228
5797 3
5798 14
5022 184
5799 27
5800 270
5801 2
5323 3
5802 466
5803 2
5806 97
5804 35
5423 53
5805 17
5807 28
5808 7
5809 23
5810 30
5811 91
5812 47
5813 2
5814 158
5815 5
5816 85
5817 83
5818 68
5819 61
5820 20
5821 24
5822 102
5823 13
5824 47
5827 15
5829 12
5833 1
5834 6
5836 13
5839 49
5838 1
5842 1
5840 1
5841 1
5847 1
5846 3
5852 1
5853 1
5854 1
5855 9
5856 1
5857 97
5859 18
5861 2
5862 25
5864 1
5866 1
5868 3
5871 56
5873 6
5874 1
5875 1
5876 1
5877 7
5878 1
5883 2
5884 2
5885 3
5887 1
5888 1
5889 1
5890 5
5590 5
5892 2
5895 1
5896 10
5897 2
5899 3
5902 1
5903 1
5907 1
5912 1
5911 2
5908 20
5705 3
5909 2
5913 5
5915 56
5916 9
5640 2
5914 2
5917 1
5919 2
5920 10
5921 4
5922 7
5923 3
5784 1
5924 1
5927 10
5930 4
5932 37
5933 4
5934 45
5935 14
5936 3
5937 1
5938 2
5942 4
5939 3
5940 13
5941 1
5944 1
5945 9
5946 4
5950 4
5952 14
5962 2
5837 1
5964 1
5958 3
5966 9
5959 1
5960 5
5093 1
5961 11
5970 1
5981 7
5982 4
5983 1
5984 10
5985 1
5986 1
5987 1
5988 4
5989 1
5990 1
5992 1
5993 4
5996 1
5997 2
6001 6
5998 87
6002 2
5967 1
5999 21
6000 10
6005 1
6003 1
6006 88
6004 6
6008 1
6007 6
6009 1
6013 3
4409 7
6014 1
6015 3
6016 10
6017 2
6018 1
6019 1
6020 28
5928 5
6024 21
6022 1
6023 32
6026 3
6029 3
6028 1
6030 1
6031 2
6032 97
5978 1
6033 1
6034 1
6036 1
6037 1
6035 1
6038 7
6039 1
6042 1
6043 39
6044 2
6045 7
6046 2
6047 6
6048 1
6049 4
5760 4
5215 8
6050 1
6051 1
6052 1
6053 1
6054 1
6056 1
6057 1
6058 1
6059 1
6060 1
6061 1
6062 2
6063 1
6065 1
6064 4
6066 1
6070 3
6071 3
6072 59
6067 1
6068 33
6069 6
6073 1
6074 1
6075 18
6077 1
6079 1
6081 3
6082 20
5650 2
6089 1
6091 1
6092 1
6094 14
6093 5
6097 26
6100 1
6108 4
6116 2
6112 1
6113 2
6114 2
6118 2
6119 4
6120 1
6121 2
6126 13
6129 1
6128 2
6127 4
6131 1
6133 4
6134 7
6135 2
6141 1
6142 1
6143 1
6144 1
6145 1
6146 9
6147 1
6150 1
6152 1
6153 1
6155 1
6158 1
6156 22
6157 3
6160 3
6130 2
6162 1
6165 4
6151 14
6168 1
6169 3
6170 16
6174 11
6175 1
6176 3
6177 2
6178 1
6179 7
6180 3
6196 2
6197 2
6181 1
6182 3
6183 1
6184 2
6185 1
6186 1
6187 1
6188 1
6198 14
6199 1
6200 7
6201 2
6202 4
6203 1
6204 13
6190 3
6205 1
6206 1
6207 4
6191 1
6192 2
6208 3
6193 1
6210 1
6212 3
6213 3
6214 1
6215 1
6216 7
6217 31
6218 59
6219 4
6220 19
6224 1
6221 39
5721 13
6222 1
6223 17
6225 1
6231 1
6227 2
6230 2
6228 1
6232 4
5972 2
6236 1
6239 5
6240 1
6241 79
6242 6
6110 1
6244 1
6245 8
6243 39
6247 1
6248 10
6252 2
6253 1
6254 1
6258 1
6263 4
6264 1
6265 1
6266 1
6270 93
6271 12
6272 86
6273 1
6274 9
6275 2
6276 1
6282 1
5910 2
6280 54
6281 1
6286 3
6287 1
6288 1
6298 8
6291 1
6292 1
6293 1
6294 1
6297 1
6295 3
6299 100
6301 1
6304 1
6305 206
6312 3
6317 6
6313 3
6314 10
6315 1
6319 2
6320 24
6323 53
6132 2
6324 6
6262 1
6325 5
6327 124
6326 2
6330 1
6331 3
6332 1
6333 2
6339 4
6346 17
6347 12
6348 1
6349 1
6351 2
6350 1
4406 1
5995 2
6355 1
6356 2
6359 97
6360 36
6366 1
5757 1
6371 1
6374 1
6375 1
6377 19
6378 2
4103 1
6379 1
6380 4
6381 3
6383 3
6387 1
5965 3
6389 1
6391 1
6392 1
6393 1
6394 9
6399 1
6395 1
6396 1
6397 1
6398 30
6401 1
6406 3
6408 3
6410 1
3538 2
6411 1
6412 1
6413 1
6415 4
6416 2
6421 25
6423 1
6424 2
6426 1
6429 1
6428 3
6430 1
6431 1
6436 3
6439 1
6440 3
6442 5
6443 82
6444 1
6448 1
6445 7
850 4
6446 1
6447 12
6334 4
5775 46
6450 1
6451 1
6452 2
6460 60
6453 1
6454 1
6455 1
6456 3
6457 2
6459 2
6461 6
6462 3
6466 1
6467 9
6468 1
6469 2
6470 1
6471 5
6477 1
6458 29
6479 14
6478 1
6480 1
6483 33
6484 11
6485 1
6486 91
6487 4
6488 23
6489 3
6490 2
6491 4
6492 3
6493 1
6494 112
6495 2
6497 1
6500 8
6501 17
6502 12
6503 4
6504 9
6506 1
6507 1
6508 1
6509 1
6510 60
6513 1
6514 1
6515 1
6516 1
5222 1
6517 2
6518 35
5430 6
6519 1
6520 2
6521 1
6522 30
6523 34
6524 8
6525 20
6526 11
6527 1
5980 8
6533 1
6534 1
6537 5
6535 1
6538 21
6539 1
6536 2
6541 2
6542 1
6544 1
4331 2
6545 6
6546 2
6547 1
6548 10
6551 3
6552 34
6550 11
6555 36
6560 54
6561 3
6565 1
6229 19
6414 25
6123 25
6572 1
6573 1
6574 1
6575 1
6563 65
6577 10
6578 1
6579 1
6580 1
6586 1
6581 1
6582 1
6583 1
6587 1
6584 1
6588 1
6585 1
6595 13
6596 186
6598 7
6601 1
6602 1
6603 1
6604 1
6605 11
6607 4
6608 22
6344 3
6612 7
6611 16
6618 107
6619 120
6620 99
6613 9
6614 2
6615 168
6616 20
6617 1
6622 6
6624 140
6625 3
6627 62
6626 9
6630 1
5943 1
6636 2
3809 4
6633 1
6635 11
6640 1
6639 1
6643 2
6644 1
6645 2
6646 4
6647 1
5341 2
6655 7
6648 3
6649 27
6650 1
6651 1
6652 1
6653 1
6654 1
6656 1
6422 12
6657 11
6658 5
748 1
6609 9
6660 1
6667 1
6665 33
6666 8
6671 4
6672 1
6673 1
6674 1
6675 1
6676 6
6677 1
6678 1
6679 1
6683 3
6684 1
6687 1
6688 1
6689 1
6690 1
6695 2
6696 2
6697 1
6698 1
6701 1
6702 11
6703 1
6705 1
6706 3
6710 2
6711 7
6712 11
3293 11
6713 4
6714 105
6718 1
6717 4
6719 3
6727 2
6728 1
6733 1
6729 2
6730 1
6731 1
6732 1
6734 3
6735 2
6736 37
6737 1
6738 1
6741 1
6744 2
6745 1
6746 2
6747 5
6749 1
6751 2
6726 12
6752 1
6753 4
6758 10
6760 2
6759 3
6761 1
6763 1
6764 1
6765 1
6766 27
6767 2
6768 1
6770 6
6771 2
6772 90
6775 3
6773 1
6776 4
6774 25
6779 3
6780 6
6781 8
6782 1
6783 4
6784 48
6787 1
6790 14
6592 1
6793 1
6794 1
6795 3
6797 1
6798 1
6800 1
6801 6
6802 3
6804 6
6808 1
6807 1
6810 1
6812 2
6811 1
6815 4
6816 1
6818 2
6819 1
5269 1
6821 1
6822 2
6824 1
6828 1
6829 4
6834 2
6835 1
6836 1
6837 1
6813 1
6841 2
6842 1
6843 1
6844 1
6845 2
6846 7
6848 14
6847 1
6849 1
6852 1
6854 1
6859 12
6861 2
6862 1
6863 3
6864 2
6865 20
6866 4
6867 5
6870 3
6875 15
6876 1
6877 1
6878 1
6880 2
6881 1
6883 5
6884 1
6809 2
6885 19
6886 7
5410 1
6895 6
6896 4
4401 11
6899 2
6900 35
6902 30
6903 1
6913 59
6905 1
6914 102
6915 2
6906 49
6907 218
6908 1
6909 1
2415 4
6910 1
6916 57
6917 3
6911 5
6912 3
6918 33
6921 1
6922 1
6923 2
6924 19
6926 1
6927 1
6928 1
3772 1
6929 1
6934 70
6935 3
6936 1
6855 15
6938 6
6940 1
6941 62
5529 50
6943 1
6951 50
6949 5
6947 1
6953 1
6954 3
6958 3
6959 5
6692 7
6960 1
6961 2
6962 1
6963 1
6968 1
6969 1
6316 22
6971 6
6972 1
6974 2
6975 10
6976 44
6977 1
6978 1
6981 1
6984 7
6985 1
6986 2
6990 1
6993 93
6991 18
6995 1
6996 1
6998 1
6999 1
7000 1
7001 1
7002 2
7003 1
7004 1
7005 13
7006 1
7007 1
7030 3
7008 1
7009 1
7010 1
7011 3
7012 10
7013 1
7014 2
7015 1
7016 1
7017 1
7018 1
7019 4
7020 4
7021 15
6755 2
7022 1
7023 8
7024 3
7025 1
7026 14
7027 1
7028 1
7029 2
7031 1
7032 1
7035 2
7036 2
6945 21
7037 1
7041 1
7043 15
7044 3
7051 1
7052 153
7045 39
7053 34
7054 43
7046 22
7047 168
7055 99
7048 1
7056 37
7049 37
7057 123
7061 3
7063 17
7064 3
7065 2
7038 7
6946 82
7072 1
7070 2
7071 4
7079 1
7080 73
7082 1
7085 1
6634 4
7087 2
7086 139
7084 1
7089 4
7088 5
7090 11
7092 98
5015 15
7096 5
7095 1
7098 1
7099 19
7100 15
7103 1
7104 15
7106 5
7107 3
7109 2
7110 5
7111 1
7112 1
7113 12
7114 1
7118 1
7117 8
7120 19
7121 7
7123 1
7122 1
7124 1
7125 2
7127 2
7128 2
7129 11
7136 2
7130 2
7137 1
7131 25
7126 4
7132 34
7133 1
7138 2
7134 3
7139 3
7140 1
7135 1
7142 4
7145 1
7146 1
7151 1
7153 12
7154 1
7155 1
7156 1
7157 1
7160 1
7158 1
7159 1
6994 20
7163 3
7164 4
7171 10
7165 3
7166 1
7167 1
7172 2
7173 2
7174 1
7175 2
7178 2
7179 2
7176 4
7177 1
7181 3
7183 10
7184 2
7187 1
7188 14
7189 3
7190 1
7192 1
7193 1
6889 5
7194 1
7197 1
7198 8
7203 1
7205 1
7206 1
7210 1
7211 1
6869 1
7212 1
7217 1
7219 2
7218 1
7220 1
7221 1
6833 1
7223 1
7225 50
7226 5
7227 14
7228 8
7229 8
7230 5
5872 30
7231 107
7232 1
7233 25
7234 1
7235 1
7236 24
7237 15
7238 9
7239 21
7222 1
7240 1
7241 23
7245 1
7251 1
7252 1
7253 4
7255 1
7260 3
7265 1
7266 6
7267 1
7268 1
7269 1
7270 5
7271 3
7276 5
7277 4
7278 4
7281 15
7279 21
7280 93
7282 2
7283 1
7284 2
7285 1
7286 1
7287 1
7291 1
7293 4
5949 4
7296 1
7295 15
7298 2
7299 1
6570 4
7300 1
7302 2
7301 34
7305 2
7309 1
7310 1
6098 1
7317 17
7320 1
6789 13
7294 42
7326 1
7327 6
7332 2
7329 2
7333 1
7330 2
7335 18
7336 1
7337 1
7346 1
7342 1
7345 1
7343 12
7344 3
7347 1
7348 2
7349 1
7350 21
7351 2
7352 17
7353 2
7354 4
7355 1
7360 1
7363 1
7365 2
7371 2
7374 1
7377 1
7379 7
7378 43
7362 8
7380 3
7357 11
7199 2
7382 1
7383 2
7386 29
7389 2
7390 26
7391 56
7392 1
7321 3
7393 15
7394 6
7400 16
7170 1
7401 3
7402 5
7403 1
7404 1
7405 18
7407 1
7409 10
7341 2
7413 2
7416 1
5969 5
7417 2
7418 2
7419 1
7420 1
7421 9
7424 4
7425 7
7426 2
7427 1
7428 2
7429 1
7430 1
7431 1
7441 3
7443 10
7444 3
6139 1
7448 1
7445 1
7446 1
7447 1
7449 46
7451 1
7452 3
7453 1
7180 4
7454 1
7455 4
7456 1
7457 1
7458 1
7459 1
7461 1
7462 1
7465 1
7466 1
7473 1
7474 1
7468 1
7469 1
7476 2
7477 1
7470 1
4532 9
7480 1
7481 1
7482 1
7483 1
7484 3
7485 1
7486 1
7487 1
7116 1
7492 3
7493 6
7494 1
7501 1
7502 3
7503 1
7505 1
7509 1
7471 9
7511 16
7514 3
7515 1
7513 1
7517 2
7518 3
7376 4
7522 1
7523 1
7524 1
7525 1
7527 1
7528 1
7531 1
7262 13
7538 1
7540 1
7535 1
7536 1
7537 1
7544 12
7549 2
7545 1
7546 3
7550 1
7554 3
7558 1
7563 1
7564 32
7415 7
7150 11
7565 3
7566 1
7569 4
7570 3
7571 1
7572 1
7576 1
7577 1
7578 28
7579 9
7580 20
7581 1
7585 1
7586 7
7593 3
7594 5
7595 1
7597 5
7598 33
7601 5
7599 1
7600 1
7602 1
7588 8
7606 1
7605 3
7608 2
7610 1
7611 1
7613 1
7609 2
7614 41
7615 1
7616 2
7617 1
7618 3
7619 1
7621 1
7623 3
7520 3
7490 30
7625 6
7626 1
7627 1
7628 1
7050 6
7630 1
7629 1
7634 1
7639 1
7638 1
7644 1
7645 1
7649 10
7647 4
7659 6
7660 1
7650 2
7661 4
7663 1
7664 1
7665 6
7666 14
7670 1
6311 1
7676 5
7677 13
7678 2
7679 28
7682 40
7684 2
7685 13
7687 3
7686 2
7691 19
7696 4
7697 20
7698 1
5790 1
7701 3
7703 2
7704 1
7705 1
7706 2
7715 1
7716 2
7719 4
6367 2
7717 2
7720 1
7721 1
7724 2
7725 1
7728 2
7727 41
7729 1
7732 1
7733 47
7736 2
7737 1
7738 7
7740 1
7741 5
7742 1
7743 15
7744 51
7745 1
7747 8
7746 1
7750 2
7751 1
7752 2
7753 2
7754 2
7755 14
7756 2
4558 1
7758 1
7759 4
7243 1
7760 1
7761 1
7762 1
7695 3
7726 3
7766 13
7767 2
7768 13
7769 19
7770 2
7771 3
7772 20
7773 1
7774 42
7775 11
7675 28
7777 1
7779 2
7780 3
7781 1
7782 1
7783 1
7794 1
7789 1
7790 4
7791 4
7792 8
7796 1
7800 1
7804 1
7801 1
7805 1
7802 1
7806 2
7807 1
7808 12
7387 4
7810 9
7812 6
7814 1
7815 2
7818 25
7821 1
7822 1
6474 1
7826 1
7827 1
7828 1
5306 1
7829 4
7830 1
7831 2
7832 1
7833 4
7834 1
7836 1
7835 3
7837 2
7841 1
7842 2
7843 2
7844 1
7845 2
7848 1
7849 1
7852 1
7850 1
7851 1
6638 1
7853 2
7854 1
7856 7
7861 3
7860 2
7863 1
7864 2
7865 26
7866 1
7867 1
7868 1
7870 1
7873 6
7874 4
7875 2
7877 6
7878 1
7885 8
7883 1
7884 5
7886 1
7887 1
7888 1
7889 1
7891 1
7892 1
7893 2
7372 2
7894 1
3409 1
7882 11
7900 27
7901 30
7902 24
7903 4
7904 6
7905 1
7906 10
7907 12
7910 4
7911 1
7869 1
7914 1
7915 1
7916 2
7919 3
7920 1
7922 1
7923 1
7924 3
7925 1
7930 1
7936 1
7929 4
7932 2
7933 4
7642 1
7931 2
7934 1
7935 1
7937 1
7938 2
7939 1
7940 1
7941 1
7942 1
7944 1
7945 5
7948 2
7949 1
7950 1
7953 1
7954 1
7955 1
7956 1
7959 1
7960 1
7964 12
7966 1
7968 3
7969 2
7967 4
7970 1
7972 1
7974 1
7975 1
7976 1
7978 1
7980 16
7981 1
7985 1
7653 2
7993 2
7994 1
7995 1
7998 1
7999 1
8000 1
8001 1
8005 2
8006 1
8009 1
8010 2
8011 1
8012 7
8013 1
8014 1
8020 1
7862 11
8027 1
8029 1
8035 1
8036 20
8040 1
8041 4
8045 6
8046 17
8047 22
8048 4
8049 1
8051 11
8052 1
8053 21
8054 2
8055 1
8056 1
8057 1
8060 5
8061 5
6709 2
8062 1
8063 3
8064 1
8065 1
8066 3
8069 4
8070 1
8071 1
8072 1
8074 1
8075 1
8077 2
8080 1
8081 1
8023 1
8084 1
8085 16
8086 1
8087 1
8088 2
8091 1
8092 6
8093 1
8094 4
8095 1
8097 4
8096 1
8098 1
8099 1
8100 1
8101 1
8102 1
8108 1
8103 1
8104 1
8105 1
8111 2
8112 2
8106 1
8107 14
8114 2
8115 1
8109 1
8110 1
8118 1
8119 1
8120 1
8126 1
8131 2
8133 1
8135 1
8138 1
8136 1
8137 1
8139 1
8140 1
8142 1
8144 1
8145 2
8146 2
8147 1
8152 11
8153 1
7062 4
8155 1
8156 5
8158 1
8159 1
8157 2
8161 1
8162 9
8166 1
8167 1
8170 1
8171 3
8172 1
8173 10
8177 1
7472 1
8179 1
8184 1
8180 1
8181 1
8182 1
7928 5
8183 1
8187 1
7648 1
8190 6
8189 4
8193 2
8194 1
8195 1
8196 1
8197 1
8199 1
8202 1
8203 1
8206 1
8204 2
8207 1
8205 1
8211 13
8213 1
8215 1
8216 2
8021 1
8217 1
8221 1
8222 6
8227 1
8231 1
8232 1
8233 1
8236 1
8214 1
8238 1
8134 1
8241 2
8242 1
8050 9
8243 5
8244 1
8245 1
8247 1
8248 1
8229 1
8251 1
8042 1
8252 1
8253 1
8254 1
8255 1
8256 1
8260 1
8261 1
8262 1
8263 2
8264 1
8265 1
8266 1
8037 1
7637 1
8270 2
8271 1
8272 1
8273 1
8150 3
8274 1
