207 218
106 251
29 333
119 226
363 443
120 307
174 427
26 263
18 259
232 368
366 368
64 146
91 249
92 101
158 275
131 321
29 310
168 468
330 387
309 364
18 380
126 242
172 209
223 440
351 446
370 459
1 476
100 455
158 167
338 363
10 152
93 186
70 319
439 451
123 294
257 294
39 480
86 412
66 205
213 224
272 310
50 346
63 136
182 236
74 294
20 323
41 117
146 170
453 470
17 434
35 73
127 156
278 474
250 263
116 412
49 93
396 466
1 345
334 491
210 455
51 202
54 473
50 94
255 463
29 300
441 473
72 490
236 449
149 301
36 280
7 482
87 362
187 449
147 376
94 221
205 354
210 432
78 133
58 75
28 312
7 109
412 423
194 200
45 486
20 313
380 476
163 478
83 369
277 463
75 365
331 470
77 294
290 438
236 318
428 488
427 443
138 197
123 297
84 226
274 466
315 467
316 432
107 438
67 402
41 264
253 492
98 389
23 295
208 377
260 387
206 416
123 418
7 472
415 446
180 400
353 471
205 344
63 489
59 110
212 352
425 496
137 209
70 119
277 332
118 159
418 457
61 70
13 179
125 320
200 234
130 435
116 271
382 390
228 332
93 287
67 235
5 174
14 488
143 373
455 496
73 394
93 372
71 470
231 342
8 450
326 467
196 357
201 472
261 486
119 402
399 456
156 320
22 469
183 423
157 285
355 386
385 408
50 424
65 287
23 141
80 446
103 170
288 332
111 290
258 309
143 471
84 193
246 456
65 444
158 343
63 371
52 96
118 270
22 482
243 301
36 237
344 353
162 233
305 398
57 296
4 141
237 492
409 455
155 459
15 299
375 462
132 326
59 113
84 435
124 471
64 191
418 460
129 177
327 421
232 269
291 355
79 176
44 69
332 356
297 435
355 376
156 395
270 417
363 465
87 152
53 159
198 248
159 177
82 482
264 342
335 402
461 478
153 362
119 369
239 285
11 49
209 299
194 399
14 468
63 181
51 90
295 338
47 236
6 204
305 388
37 308
364 437
259 421
43 122
162 488
337 340
121 307
59 332
92 100
291 309
390 431
261 466
461 491
99 404
200 456
285 414
48 178
32 499
125 398
98 444
218 360
165 205
445 488
311 408
49 259
124 173
48 443
14 301
154 461
436 439
234 341
227 445
5 481
78 322
387 403
189 418
150 347
254 404
118 394
26 131
67 169
17 348
248 360
34 257
253 295
49 416
234 318
174 416
46 496
85 338
91 418
57 276
351 494
184 317
260 455
438 498
19 105
99 250
273 286
404 477
9 442
424 455
134 473
201 383
121 274
62 188
131 467
78 312
387 393
105 186
90 286
245 309
358 366
28 311
456 492
199 458
10 442
172 175
472 473
22 416
129 399
36 171
294 466
161 202
106 266
147 267
172 211
173 176
313 336
19 118
11 114
191 310
101 416
9 190
370 461
153 463
394 409
6 184
5 219
78 289
98 267
238 427
438 452
1 334
14 124
308 342
206 474
158 434
25 170
228 233
42 488
8 495
161 179
33 259
261 266
23 474
43 452
171 229
33 115
314 393
235 249
67 293
53 129
233 325
94 246
354 471
19 72
64 223
39 50
36 161
79 388
76 233
108 302
73 164
192 301
44 137
71 240
145 189
411 488
124 395
108 158
126 175
210 434
58 77
277 344
248 317
330 356
18 349
347 445
20 50
493 499
423 434
88 450
72 96
150 281
115 174
155 396
341 486
127 148
38 485
154 251
20 171
364 469
115 439
163 336
202 327
283 401
168 185
68 98
119 149
238 286
350 427
61 324
22 216
222 241
29 112
108 256
101 131
148 212
170 496
51 279
264 423
28 412
308 466
21 144
206 418
167 347
305 397
384 461
62 181
133 470
214 278
326 456
184 372
87 439
134 142
153 155
118 426
117 238
288 465
169 248
67 237
181 222
226 410
184 264
15 46
200 357
186 193
344 401
103 424
302 404
78 367
158 247
118 174
338 443
271 273
117 215
151 207
197 323
114 325
474 488
205 300
36 262
81 413
1 124
31 412
52 206
346 424
78 344
257 495
175 313
235 327
227 323
44 467
179 283
347 425
140 175
225 399
57 442
244 268
304 319
27 419
73 386
218 395
247 279
291 465
45 180
6 72
75 468
62 269
102 305
261 478
44 480
121 175
119 394
113 171
166 326
324 354
290 361
349 447
53 305
258 445
226 233
214 258
26 58
132 305
97 347
260 490
34 413
327 400
109 214
15 399
80 379
101 173
97 468
158 335
312 393
154 221
299 459
226 475
43 353
105 185
230 445
268 471
48 59
167 425
319 373
65 377
37 166
120 429
427 500
38 396
317 485
423 466
196 424
55 448
3 29
107 495
185 414
39 131
217 483
56 300
68 274
166 437
287 318
5 74
490 497
336 439
181 336
117 437
23 244
135 305
214 369
126 256
347 490
145 355
345 380
10 310
9 202
281 395
274 356
4 352
81 226
58 99
49 130
128 423
214 346
33 42
253 274
11 103
61 369
117 270
290 341
281 372
267 474
341 423
32 311
23 342
164 201
223 287
69 229
60 409
144 488
30 237
90 288
110 266
156 233
162 313
302 436
174 287
166 283
168 472
215 404
330 391
71 396
10 300
183 457
15 235
95 115
184 309
64 127
50 229
67 138
23 211
263 458
274 467
1 192
50 350
170 266
188 320
320 439
164 191
135 393
247 491
321 440
361 476
287 298
232 362
367 407
236 332
81 458
229 293
194 335
326 491
12 215
97 402
289 343
83 95
94 104
153 190
173 397
272 376
177 367
138 296
411 454
415 424
57 487
78 281
71 242
324 422
175 479
7 486
237 274
248 283
74 396
20 196
60 232
210 436
83 252
183 339
295 480
172 180
100 161
30 325
65 203
139 497
225 457
91 197
344 377
110 210
39 415
88 164
85 418
323 475
235 362
267 431
80 159
233 438
410 479
29 379
202 450
60 366
207 385
93 134
171 319
113 494
120 124
273 366
30 459
345 471
186 218
130 403
89 136
171 175
329 383
42 61
55 143
52 483
134 409
41 330
327 458
45 480
360 455
151 461
52 110
205 289
189 344
76 287
215 482
80 437
455 500
74 134
67 95
145 423
255 411
323 429
78 369
306 376
164 292
23 24
285 438
224 279
243 292
259 422
196 482
310 467
283 370
191 403
259 278
251 274
330 338
226 366
192 224
29 346
175 400
140 442
177 360
252 274
344 357
59 490
140 298
174 211
240 385
199 384
63 460
357 412
203 354
260 479
159 433
390 445
402 419
234 463
166 328
4 266
322 432
118 287
5 230
6 195
71 212
54 388
175 269
7 276
294 369
239 433
128 193
148 171
246 414
157 256
169 230
55 208
15 172
33 306
233 480
250 420
271 363
262 394
162 456
34 307
354 397
191 370
64 149
367 452
230 483
102 297
109 193
42 103
45 437
161 203
32 467
144 379
31 93
51 71
183 227
95 114
74 91
191 347
209 401
88 111
207 440
11 236
123 477
178 413
390 412
9 312
138 462
232 240
74 477
443 460
235 394
76 486
55 463
476 493
143 167
74 333
174 420
86 307
206 223
346 383
248 485
249 450
190 364
297 347
73 224
259 500
92 323
97 172
236 367
10 24
168 232
221 473
26 148
207 309
167 273
159 269
61 371
83 130
8 365
21 155
74 310
164 203
146 451
8 221
87 136
187 223
69 496
371 389
162 315
25 426
270 342
195 348
92 192
411 466
8 378
109 281
363 426
15 237
129 259
195 204
113 251
105 396
41 411
297 337
316 350
33 407
14 128
348 382
86 153
13 169
186 240
118 185
366 436
17 319
262 495
136 239
251 342
137 320
290 333
15 214
65 480
18 219
151 254
76 489
331 450
43 312
176 433
107 333
227 249
367 409
287 300
146 261
139 365
11 216
71 496
18 340
107 189
306 398
365 484
110 114
102 339
263 293
113 385
153 421
21 122
353 366
57 453
51 293
252 283
284 352
150 272
378 395
250 475
65 84
196 275
62 424
396 449
228 456
194 314
86 143
204 364
167 482
259 336
6 119
83 339
28 403
296 483
47 416
260 380
23 324
30 183
91 199
102 208
256 266
254 342
59 103
160 414
18 330
52 243
139 211
19 66
149 441
264 391
88 431
78 237
229 406
241 380
8 178
221 322
27 191
146 228
386 389
65 303
124 389
397 484
264 283
209 433
274 413
1 138
353 477
46 326
45 181
159 203
102 486
251 286
264 368
370 386
275 414
134 375
208 324
67 385
185 340
94 338
79 215
382 481
214 259
43 377
89 344
355 500
260 491
48 83
178 458
46 159
130 418
390 457
271 277
77 146
203 222
402 431
228 315
19 321
165 375
52 318
203 487
163 451
322 444
134 244
133 428
69 263
41 201
85 387
106 181
338 424
37 167
7 324
421 458
21 79
45 436
220 288
197 304
411 413
142 225
46 437
74 90
70 465
79 205
12 115
69 420
90 214
425 433
143 189
14 75
148 304
39 397
394 445
373 422
123 247
176 488
235 308
232 419
178 448
17 351
398 451
84 261
101 344
45 449
414 432
219 485
206 366
64 282
42 380
349 451
26 435
46 270
259 414
28 481
277 282
417 442
127 194
6 462
44 425
64 403
238 476
14 173
380 416
312 361
52 56
43 465
148 438
294 492
7 170
287 453
192 481
145 369
373 376
236 258
69 230
255 357
309 477
33 164
8 256
207 465
283 460
142 192
225 226
16 232
322 424
67 463
111 469
219 331
110 280
288 403
309 346
293 481
86 417
126 224
75 295
82 154
327 479
353 388
345 384
134 466
195 216
67 296
92 469
10 399
244 337
103 218
48 53
64 406
211 425
158 270
366 448
348 430
106 488
81 86
18 375
404 447
343 437
94 370
175 215
392 478
183 484
221 367
158 427
166 251
124 434
344 437
68 353
77 93
337 398
21 278
294 436
11 493
25 248
419 467
57 380
204 399
163 218
13 50
332 440
241 438
59 138
325 437
178 238
130 427
377 447
136 241
421 490
74 266
6 131
63 144
58 178
263 318
355 401
106 334
151 256
331 452
43 314
89 281
143 401
124 159
17 33
295 386
57 69
116 155
122 198
335 342
334 463
254 354
60 223
373 454
203 388
50 66
74 423
429 471
389 435
375 500
366 451
81 318
13 449
25 94
29 393
127 141
159 359
86 109
31 173
228 458
33 219
130 188
135 495
34 220
387 487
140 201
398 496
191 283
183 428
195 402
120 259
161 260
113 220
53 89
225 281
68 477
185 208
15 471
164 185
121 489
2 123
315 354
341 492
300 311
159 192
425 491
50 285
168 420
158 492
159 228
6 98
1 428
362 407
126 279
130 286
175 437
110 191
218 398
30 198
263 406
418 429
194 306
167 209
258 327
150 385
307 448
147 230
2 486
356 489
223 225
246 474
207 366
99 275
212 481
16 277
222 345
396 418
211 372
129 339
4 424
180 241
189 469
3 199
77 148
139 468
266 429
2 499
89 467
109 482
196 450
107 292
94 173
194 260
333 455
37 313
191 371
177 207
128 351
255 392
314 441
260 470
100 109
224 404
46 138
189 446
82 91
37 434
203 466
215 440
55 222
301 400
53 298
313 374
145 381
288 317
375 434
87 147
67 318
32 360
252 363
104 236
377 394
160 396
129 414
260 339
324 360
227 427
74 334
165 223
365 397
238 442
6 464
128 161
18 289
272 471
158 449
118 376
105 214
77 115
140 400
29 340
96 250
210 351
123 203
334 423
141 257
167 395
4 368
159 391
149 377
234 421
246 395
60 304
370 466
161 472
7 414
382 440
293 362
239 391
166 407
232 352
178 381
123 216
96 348
92 494
111 327
2 191
241 293
192 437
23 479
99 209
25 31
24 215
316 472
267 467
422 490
147 285
41 124
193 401
305 350
65 252
51 317
110 403
68 486
1 496
314 398
320 478
378 419
438 470
31 195
9 64
93 435
21 38
359 442
206 312
158 272
412 417
108 451
230 297
71 389
57 225
171 247
72 88
316 485
375 391
49 486
277 493
478 483
149 344
61 460
68 90
160 173
23 204
311 491
150 165
40 293
268 300
88 190
298 408
310 382
242 284
97 274
10 126
118 333
16 322
14 361
274 437
448 473
85 421
32 415
158 262
258 349
284 487
163 197
141 358
368 486
379 495
218 312
251 346
197 338
183 211
209 349
116 121
255 316
40 391
282 333
260 394
455 490
115 421
61 450
149 154
231 372
24 159
215 364
82 100
53 222
179 298
366 453
154 390
368 499
319 457
70 247
355 416
467 477
90 490
65 317
428 485
369 435
263 274
133 344
120 225
90 382
103 321
134 425
16 24
95 317
213 309
98 471
71 225
124 380
170 347
285 297
289 447
235 476
242 372
158 229
338 425
337 380
209 460
230 254
350 399
52 476
182 442
114 307
62 117
192 492
185 367
78 241
23 305
252 277
270 411
173 478
54 414
135 222
18 311
93 225
46 150
191 239
211 217
264 372
76 172
215 367
242 470
94 342
255 296
101 201
26 436
279 473
93 117
66 100
217 269
177 196
51 120
274 394
155 214
212 339
311 461
65 140
15 319
81 493
135 235
108 218
128 196
187 282
4 426
78 195
4 17
351 390
29 339
88 425
10 60
41 313
46 428
130 278
290 379
59 483
165 464
97 329
83 431
24 116
130 363
122 422
115 234
155 456
389 394
186 443
180 220
37 171
462 463
146 343
149 497
289 391
59 460
254 290
119 245
270 414
2 334
91 183
103 386
332 474
199 210
30 252
284 434
202 364
219 453
145 275
97 198
36 188
180 498
153 215
122 376
209 381
153 480
15 21
100 245
99 100
292 415
216 276
214 495
25 416
180 210
137 248
86 431
32 231
218 321
423 461
168 500
283 487
1 472
160 496
162 426
101 181
8 368
373 380
251 391
142 484
249 430
7 259
66 345
119 500
55 70
190 380
121 137
13 195
104 313
431 442
136 265
62 87
433 488
11 121
453 466
163 255
41 149
27 214
13 316
34 110
179 199
73 446
93 460
401 433
207 302
178 275
67 444
272 404
9 439
397 435
102 401
343 464
124 160
135 398
26 491
267 325
335 343
39 201
46 97
190 370
80 89
52 256
186 485
70 161
84 245
196 386
21 305
42 99
235 377
57 227
14 265
172 293
258 482
15 495
396 452
68 92
202 321
313 454
214 295
145 461
373 468
3 377
82 112
35 445
82 377
116 290
236 435
262 344
115 145
45 495
178 350
16 288
303 381
7 468
242 371
312 466
11 209
185 245
177 241
94 472
90 93
342 494
154 294
104 293
11 65
153 414
118 456
119 421
239 337
12 295
46 208
53 67
301 434
127 132
181 252
232 334
53 103
105 379
332 421
63 233
330 497
142 297
174 478
280 496
33 475
79 362
98 375
30 320
170 480
196 389
87 482
128 483
34 476
267 269
434 446
231 495
383 480
28 252
341 483
147 352
139 348
425 482
163 333
16 134
275 394
421 448
286 403
20 24
284 479
34 453
233 433
165 378
192 252
182 467
256 416
383 457
337 490
361 438
159 340
199 376
97 99
8 436
155 226
67 342
27 40
191 408
70 118
18 336
220 291
60 73
280 342
12 33
371 460
189 483
219 246
29 351
192 494
232 301
372 461
49 445
14 487
2 333
145 418
104 237
389 406
261 449
52 226
38 148
300 413
80 144
72 289
144 165
149 280
54 128
261 341
333 446
89 494
266 276
16 101
306 348
4 163
358 395
47 353
146 332
45 429
64 442
240 259
12 23
318 444
243 264
289 380
160 266
37 461
33 82
252 498
12 108
3 59
228 406
80 242
231 331
48 475
119 355
252 390
90 328
117 431
14 189
148 418
120 436
146 345
106 272
172 217
213 255
218 333
278 384
223 448
55 226
1 255
39 367
149 355
135 191
52 422
42 494
250 294
253 448
5 346
217 382
238 325
197 287
128 453
29 331
7 392
322 404
22 26
259 384
71 184
110 404
123 194
84 123
175 241
7 19
24 108
65 109
1 353
176 242
439 472
163 388
123 315
349 398
12 255
331 380
150 454
115 347
35 238
230 334
370 457
7 405
129 251
70 461
90 439
132 292
34 135
347 366
198 237
50 488
407 496
199 467
20 236
137 492
149 466
183 379
150 431
294 475
193 392
313 345
291 406
50 200
84 113
16 58
214 222
106 131
118 334
159 372
77 482
3 124
61 65
58 325
178 241
109 407
323 479
349 388
187 326
206 339
108 298
34 498
122 345
59 442
385 426
36 278
13 331
73 196
353 479
115 458
32 164
187 303
186 258
178 483
231 409
315 488
101 150
145 342
416 427
123 174
88 482
112 430
86 377
152 322
59 131
90 118
220 493
134 161
205 450
138 460
218 303
104 138
62 321
309 427
85 304
112 407
39 157
45 88
36 268
235 248
134 282
327 331
313 433
354 434
111 298
251 458
325 407
131 276
116 413
61 297
289 304
61 68
354 470
137 472
398 476
171 205
462 497
139 481
200 497
383 469
56 74
168 315
2 103
45 330
79 243
105 381
12 153
277 487
232 336
262 444
166 476
12 189
10 228
149 423
35 172
12 454
205 440
493 498
163 443
184 237
9 385
443 497
292 364
413 474
235 467
435 492
195 431
132 491
13 131
250 483
8 461
129 342
20 26
75 78
308 429
46 429
320 403
225 431
132 203
49 205
129 463
161 495
119 269
78 88
58 259
263 399
248 499
24 382
406 447
103 446
278 298
114 455
59 376
239 306
82 359
89 218
411 418
19 159
313 377
198 390
216 444
148 309
107 128
272 461
155 470
160 399
36 104
87 186
286 395
20 245
305 494
46 154
82 336
163 181
14 201
340 451
218 345
223 460
16 247
337 482
349 456
214 231
258 274
136 168
97 356
124 230
458 484
8 284
134 360
335 413
309 361
273 438
11 289
125 311
140 174
150 224
73 349
321 371
207 349
19 149
5 214
137 141
81 389
436 437
122 161
85 359
24 349
64 156
288 431
276 462
352 451
